k-means:


Groups = 4
[4, 9, 10, 14, 15, 20, 24, 25, 29, 36, 41, 43, 46, 49, 50, 51, 57, 59, 61, 62, 64, 66, 74, 80, 87, 91, 93, 98, 101, 104, 106, 109, 112, 115, 116, 117, 122, 129, 132, 134, 136, 138, 142, 160, 162, 165, 169, 174, 177, 185, 190, 194, 202, 204, 207, 210, 212, 215, 216, 222, 225, 226, 228, 229, 230, 232, 234, 244, 248, 249, 250, 255, 256, 257, 264, 266, 267, 269, 270, 273, 274, 277, 279, 282, 283, 284, 287, 290, 292, 293, 294, 295, 296, 299, 300, 302] -> 96 elements
[0, 3, 5, 6, 8, 13, 16, 17, 19, 21, 22, 23, 28, 30, 31, 33, 34, 35, 45, 53, 54, 56, 58, 67, 69, 71, 73, 78, 85, 86, 88, 89, 92, 94, 95, 96, 97, 99, 100, 107, 111, 120, 124, 125, 128, 130, 131, 133, 135, 139, 140, 144, 145, 147, 159, 164, 166, 168, 176, 179, 180, 182, 186, 188, 192, 197, 198, 200, 208, 209, 211, 213, 214, 217, 219, 220, 221, 224, 227, 237, 238, 240, 242, 243, 246, 260, 262, 263, 268, 275, 278, 281, 286, 288, 289, 301] -> 96 elements
[7, 11, 26, 32, 38, 42, 44, 48, 52, 60, 63, 68, 75, 77, 82, 84, 90, 102, 105, 110, 113, 118, 121, 141, 143, 148, 149, 150, 152, 155, 156, 157, 158, 161, 167, 173, 178, 181, 184, 195, 201, 203, 205, 218, 231, 239, 241, 253, 254, 261, 265, 272, 280, 285, 291] -> 55 elements
[1, 2, 12, 18, 27, 37, 39, 40, 47, 55, 65, 70, 72, 76, 79, 81, 83, 103, 108, 114, 119, 123, 126, 127, 137, 146, 151, 153, 154, 163, 170, 171, 172, 175, 183, 187, 189, 191, 193, 196, 199, 206, 223, 233, 235, 236, 245, 247, 251, 252, 258, 259, 271, 276, 297, 298] -> 56 elements



single-link:


Groups = 4
[0, 30, 24, 282, 279, 294, 249, 59, 62, 267, 287, 87, 92, 243, 107, 174, 270, 209, 3, 4, 9, 98, 266, 165, 274, 49, 190, 230, 116, 140, 166, 248, 23, 128, 263, 134, 210, 255, 212, 288, 129, 16, 31, 45, 214, 215, 25, 162, 204, 17, 56, 88, 33, 67, 278, 197, 217, 192, 262, 5, 78, 164, 281, 179, 139, 198, 289, 13, 220, 301, 19, 238, 242, 180, 8, 54, 12, 76, 259, 108, 111, 81, 130, 89, 120, 208, 95, 135, 86, 145, 240, 237, 260, 189, 119, 206, 34, 125, 35, 85, 131, 144, 246, 96, 176, 28, 182, 73, 43, 284, 290, 94, 10, 293, 299, 66, 106, 58, 268, 18, 41, 211, 122, 100, 147, 200, 61, 14, 234, 50, 216, 74, 160, 221, 224, 69, 80, 226, 27, 40, 123, 251, 171, 71, 6, 97, 11, 167, 22, 52, 63, 156, 158, 157, 148, 241, 178, 239, 253, 102, 124, 150, 90, 133, 219, 39, 258, 47, 297, 21, 65, 276, 70, 227, 159, 185, 222, 53, 99, 2, 101, 283, 117, 302, 115, 207, 186, 60, 77, 205, 110, 203, 143, 218, 142, 169, 292, 269, 261, 196, 271, 213, 275, 286, 187, 127, 163, 161, 20, 229, 256, 250, 277, 138, 168, 191, 265, 272, 104, 153, 194, 232, 254, 57, 141, 15, 280, 285, 109, 132, 225, 103, 233, 7, 26, 291, 44, 84, 32, 105, 149, 228, 51, 42, 184, 55, 72, 114, 252, 137, 223, 236, 193, 235, 151, 298, 247, 154, 118, 112, 29, 36, 46, 64, 177, 244, 83, 183, 1, 37, 79, 170, 199, 146, 172, 82, 273, 38, 113, 175, 155, 136, 264, 257, 300, 245, 93, 295, 195, 91, 68, 201, 231, 126, 75, 296, 48, 181, 121, 173] -> 300 elements
[152] -> 1 elements
[188] -> 1 elements
[202] -> 1 elements